CATMULL_ROM # Curve type (BSPLINE or CATMULL_ROM)
19 # The number of cross sections.
16 # The number of control points per cross section
5.000000 5.000000
6.532815 2.705981
7.071068 0.000000
6.532815 -2.705981
5.000000 -5.000000
2.705981 -6.532815
0.000000 -7.071068
-2.705981 -6.532815
-5.000000 -5.000000
-6.532815 -2.705981
-7.071068 -0.000000
-6.532815 2.705981
-5.000000 5.000000
-2.705981 6.532815
-0.000000 7.071068
2.705981 6.532815
0.000000
0.000000 1.000000 0.000000 0.000000
0.000000 -25.000000 0.000000

5.000000 5.000000
6.532815 2.705981
7.071068 0.000000
6.532815 -2.705981
5.000000 -5.000000
2.705981 -6.532815
0.000000 -7.071068
-2.705981 -6.532815
-5.000000 -5.000000
-6.532815 -2.705981
-7.071068 -0.000000
-6.532815 2.705981
-5.000000 5.000000
-2.705981 6.532815
-0.000000 7.071068
2.705981 6.532815
0.426667
0.000000 1.000000 0.000000 0.000000
0.000000 -22.333333 0.000000

5.000000 5.000000
6.532815 2.705981
7.071068 0.000000
6.532815 -2.705981
5.000000 -5.000000
2.705981 -6.532815
0.000000 -7.071068
-2.705981 -6.532815
-5.000000 -5.000000
-6.532815 -2.705981
-7.071068 -0.000000
-6.532815 2.705981
-5.000000 5.000000
-2.705981 6.532815
-0.000000 7.071068
2.705981 6.532815
0.800000
0.000000 1.000000 0.000000 0.000000
0.000000 -19.666667 0.000000

5.000000 5.000000
6.532815 2.705981
7.071068 0.000000
6.532815 -2.705981
5.000000 -5.000000
2.705981 -6.532815
0.000000 -7.071068
-2.705981 -6.532815
-5.000000 -5.000000
-6.532815 -2.705981
-7.071068 -0.000000
-6.532815 2.705981
-5.000000 5.000000
-2.705981 6.532815
-0.000000 7.071068
2.705981 6.532815
0.800000
0.000000 1.000000 0.000000 0.000000
0.000000 -17.000000 0.000000

5.000000 5.000000
6.532815 2.705981
7.071068 0.000000
6.532815 -2.705981
5.000000 -5.000000
2.705981 -6.532815
0.000000 -7.071068
-2.705981 -6.532815
-5.000000 -5.000000
-6.532815 -2.705981
-7.071068 -0.000000
-6.532815 2.705981
-5.000000 5.000000
-2.705981 6.532815
-0.000000 7.071068
2.705981 6.532815
0.800000
0.000000 1.000000 0.000000 0.000000
0.000000 -14.333333 0.000000

5.000000 5.000000
6.532815 2.705981
7.071068 0.000000
6.532815 -2.705981
5.000000 -5.000000
2.705981 -6.532815
0.000000 -7.071068
-2.705981 -6.532815
-5.000000 -5.000000
-6.532815 -2.705981
-7.071068 -0.000000
-6.532815 2.705981
-5.000000 5.000000
-2.705981 6.532815
-0.000000 7.071068
2.705981 6.532815
0.800000
0.000000 1.000000 0.000000 0.000000
0.000000 -11.666667 0.000000

5.000000 5.000000
6.532815 2.705981
7.071068 0.000000
6.532815 -2.705981
5.000000 -5.000000
2.705981 -6.532815
0.000000 -7.071068
-2.705981 -6.532815
-5.000000 -5.000000
-6.532815 -2.705981
-7.071068 -0.000000
-6.532815 2.705981
-5.000000 5.000000
-2.705981 6.532815
-0.000000 7.071068
2.705981 6.532815
0.800000
0.000000 1.000000 0.000000 0.000000
0.000000 -9.000000 0.000000

5.000000 5.000000
6.532815 2.705981
7.071068 0.000000
6.532815 -2.705981
5.000000 -5.000000
2.705981 -6.532815
0.000000 -7.071068
-2.705981 -6.532815
-5.000000 -5.000000
-6.532815 -2.705981
-7.071068 -0.000000
-6.532815 2.705981
-5.000000 5.000000
-2.705981 6.532815
-0.000000 7.071068
2.705981 6.532815
0.800000
0.000000 1.000000 0.000000 0.000000
0.000000 -6.333333 0.000000

5.000000 5.000000
6.532815 2.705981
7.071068 0.000000
6.532815 -2.705981
5.000000 -5.000000
2.705981 -6.532815
0.000000 -7.071068
-2.705981 -6.532815
-5.000000 -5.000000
-6.532815 -2.705981
-7.071068 -0.000000
-6.532815 2.705981
-5.000000 5.000000
-2.705981 6.532815
-0.000000 7.071068
2.705981 6.532815
0.800000
0.000000 1.000000 0.000000 0.000000
0.000000 -3.666667 0.000000

5.000000 5.000000
6.532815 2.705981
7.071068 0.000000
6.532815 -2.705981
5.000000 -5.000000
2.705981 -6.532815
0.000000 -7.071068
-2.705981 -6.532815
-5.000000 -5.000000
-6.532815 -2.705981
-7.071068 -0.000000
-6.532815 2.705981
-5.000000 5.000000
-2.705981 6.532815
-0.000000 7.071068
2.705981 6.532815
0.800000
0.000000 1.000000 0.000000 0.000000
0.000000 -1.000000 0.000000

5.000000 5.000000
6.532815 2.705981
7.071068 0.000000
6.532815 -2.705981
5.000000 -5.000000
2.705981 -6.532815
0.000000 -7.071068
-2.705981 -6.532815
-5.000000 -5.000000
-6.532815 -2.705981
-7.071068 -0.000000
-6.532815 2.705981
-5.000000 5.000000
-2.705981 6.532815
-0.000000 7.071068
2.705981 6.532815
0.800000
0.000000 1.000000 0.000000 0.000000
0.000000 1.666667 0.000000

5.000000 5.000000
6.532815 2.705981
7.071068 0.000000
6.532815 -2.705981
5.000000 -5.000000
2.705981 -6.532815
0.000000 -7.071068
-2.705981 -6.532815
-5.000000 -5.000000
-6.532815 -2.705981
-7.071068 -0.000000
-6.532815 2.705981
-5.000000 5.000000
-2.705981 6.532815
-0.000000 7.071068
2.705981 6.532815
0.800000
0.000000 1.000000 0.000000 0.000000
0.000000 4.333333 0.000000

5.000000 5.000000
6.532815 2.705981
7.071068 0.000000
6.532815 -2.705981
5.000000 -5.000000
2.705981 -6.532815
0.000000 -7.071068
-2.705981 -6.532815
-5.000000 -5.000000
-6.532815 -2.705981
-7.071068 -0.000000
-6.532815 2.705981
-5.000000 5.000000
-2.705981 6.532815
-0.000000 7.071068
2.705981 6.532815
0.800000
0.000000 1.000000 0.000000 0.000000
0.000000 7.000000 0.000000

5.000000 5.000000
6.532815 2.705981
7.071068 0.000000
6.532815 -2.705981
5.000000 -5.000000
2.705981 -6.532815
0.000000 -7.071068
-2.705981 -6.532815
-5.000000 -5.000000
-6.532815 -2.705981
-7.071068 -0.000000
-6.532815 2.705981
-5.000000 5.000000
-2.705981 6.532815
-0.000000 7.071068
2.705981 6.532815
0.800000
0.000000 1.000000 0.000000 0.000000
0.000000 9.666667 0.000000

5.000000 5.000000
6.532815 2.705981
7.071068 0.000000
6.532815 -2.705981
5.000000 -5.000000
2.705981 -6.532815
0.000000 -7.071068
-2.705981 -6.532815
-5.000000 -5.000000
-6.532815 -2.705981
-7.071068 -0.000000
-6.532815 2.705981
-5.000000 5.000000
-2.705981 6.532815
-0.000000 7.071068
2.705981 6.532815
0.800000
0.000000 1.000000 0.000000 0.000000
0.000000 12.333333 0.000000

5.000000 5.000000
6.532815 2.705981
7.071068 0.000000
6.532815 -2.705981
5.000000 -5.000000
2.705981 -6.532815
0.000000 -7.071068
-2.705981 -6.532815
-5.000000 -5.000000
-6.532815 -2.705981
-7.071068 -0.000000
-6.532815 2.705981
-5.000000 5.000000
-2.705981 6.532815
-0.000000 7.071068
2.705981 6.532815
2.000000
0.000000 0.000000 1.000000 0.000000
0.000000 15.000000 0.000000

5.000000 5.000000
6.532815 2.705981
7.071068 0.000000
6.532815 -2.705981
5.000000 -5.000000
2.705981 -6.532815
0.000000 -7.071068
-2.705981 -6.532815
-5.000000 -5.000000
-6.532815 -2.705981
-7.071068 -0.000000
-6.532815 2.705981
-5.000000 5.000000
-2.705981 6.532815
-0.000000 7.071068
2.705981 6.532815
2.000000
0.000000 0.000000 1.000000 0.000000
0.000000 25.000000 0.000000

5.000000 5.000000
6.532815 2.705981
7.071068 0.000000
6.532815 -2.705981
5.000000 -5.000000
2.705981 -6.532815
0.000000 -7.071068
-2.705981 -6.532815
-5.000000 -5.000000
-6.532815 -2.705981
-7.071068 -0.000000
-6.532815 2.705981
-5.000000 5.000000
-2.705981 6.532815
-0.000000 7.071068
2.705981 6.532815
0.000000
0.000000 0.000000 1.000000 0.000000
0.000000 25.000000 0.000000

5.000000 5.000000
6.532815 2.705981
7.071068 0.000000
6.532815 -2.705981
5.000000 -5.000000
2.705981 -6.532815
0.000000 -7.071068
-2.705981 -6.532815
-5.000000 -5.000000
-6.532815 -2.705981
-7.071068 -0.000000
-6.532815 2.705981
-5.000000 5.000000
-2.705981 6.532815
-0.000000 7.071068
2.705981 6.532815
0.000000
0.000000 0.000000 1.000000 0.000000
0.000000 25.000000 0.000000


